Final evolution
[[ 0.25052037-4.58285521e-04j  0.25009059+2.32318806e-04j
   0.24941344-1.64703462e-03j  0.25092603-7.69901464e-04j
   0.25107655+3.33844027e-04j  0.24879998+1.19569690e-03j
   0.25017203-1.13030229e-03j  0.25074973+1.22869995e-04j
   0.2504453 -3.42582788e-04j  0.25007008-1.90689466e-03j
   0.24916773+1.13387117e-04j  0.24909621-2.47097446e-04j
   0.25015076-8.31273882e-04j  0.24911144-1.04841648e-04j
   0.25021421+8.43612073e-04j  0.24994741+2.27500752e-03j]
 [ 0.2505948 -4.50873999e-05j -0.24976979-1.42257830e-03j
   0.24836213-1.36879360e-03j -0.25052369+3.70986690e-04j
   0.25000657-3.37106595e-04j -0.25020985-2.06828014e-04j
   0.24996894-2.93075078e-04j -0.25053796-3.64700838e-04j
   0.25040223-2.44208395e-04j -0.25030862+1.47855862e-04j
   0.24923416+6.39323022e-05j -0.24940864-1.07778975e-03j
   0.24927137+9.98684597e-05j -0.24957446+3.71723996e-04j
   0.25095123-8.71659289e-04j -0.25084478+1.26747393e-03j]
 [ 0.24917953-6.95261281e-04j  0.25085964-1.20546251e-03j
  -0.25158353-4.96894368e-04j -0.24857341+8.96304381e-05j
   0.2501979 +7.68846995e-04j  0.24937015+5.56965134e-04j
  -0.24936572-7.93445874e-04j -0.24979384+1.26203272e-04j
   0.25001804+2.64682556e-04j  0.24996329+5.15362209e-04j
  -0.25070002-2.27291121e-04j -0.25095482-1.04030943e-03j
   0.25032666+6.53617412e-04j  0.24976788-2.66802251e-04j
  -0.24998884+1.32744862e-04j -0.24932753+1.77095659e-04j]
 [ 0.24988388+1.89864140e-03j -0.25031455-7.45361940e-04j
  -0.24973372+8.14898999e-04j  0.25139606+4.33230406e-04j
   0.24949814+1.37391333e-03j -0.24984712+7.38952570e-05j
  -0.25038359+1.41332173e-04j  0.24874934-1.66893895e-03j
   0.25001373-2.21775941e-04j -0.25085017-8.12882259e-05j
  -0.25003463-3.80521198e-04j  0.24888072+1.09781249e-03j
   0.2483654 -1.03870193e-03j -0.25105552+1.06415280e-03j
  -0.25068892+2.85083330e-04j  0.25025625-5.48103942e-04j]
 [ 0.25016091-1.43064046e-03j  0.2510527 -2.53013901e-04j
   0.24947744+3.18204401e-04j  0.25065707+3.09379143e-04j
  -0.24999186-2.02661742e-04j -0.25042366-2.87063812e-04j
  -0.2493553 -9.83348735e-04j -0.25053083+7.81648956e-04j
   0.24942459+2.05126103e-04j  0.25081378-1.49637601e-03j
   0.24961782-1.76275804e-03j  0.24900862-3.66635855e-04j
  -0.24971066-1.58414351e-03j -0.24961364-9.08428075e-04j
  -0.2491697 -6.04032062e-05j -0.25095234-3.31488149e-05j]
 [ 0.25103398+3.41179514e-04j -0.24859847+9.16898484e-04j
   0.25062256+1.80469311e-03j -0.24949786-1.58897470e-04j
  -0.25073971+3.41711682e-04j  0.25013641-4.11964482e-04j
  -0.25064871+2.75075461e-04j  0.24935525+6.03600662e-04j
   0.25149477+5.28776559e-04j -0.24968518-5.24911767e-04j
   0.24998064+4.20648237e-05j -0.25045579+1.12041543e-04j
  -0.24937831+6.29741102e-04j  0.25033815+6.45028139e-04j
  -0.24915135-2.31515286e-04j  0.24884956-3.01262484e-04j]
 [ 0.24842174-4.66862230e-04j  0.24936204+3.56428213e-04j
  -0.25006896+9.94009819e-04j -0.24957956+2.09506055e-04j
  -0.25053138+4.88030819e-04j -0.25021635+9.43550235e-04j
   0.24913638+8.53624617e-04j  0.2506538 -4.96155328e-05j
   0.24994723-3.78586695e-04j  0.24961887+3.59456875e-05j
  -0.25125341+2.79385321e-04j -0.24988851+3.95825530e-04j
  -0.25050002-6.48718642e-04j -0.25017861-2.76145918e-04j
   0.2509751 -1.85784714e-04j  0.24964262-9.42826851e-04j]
 [ 0.24873375-1.79598117e-04j -0.2498174 -5.07775952e-04j
  -0.24987583-9.83533491e-04j  0.25077019+1.66481539e-03j
  -0.24980118+5.62843303e-04j  0.24999022-1.23700725e-03j
   0.25037186+5.23284433e-04j -0.24970633-2.15384013e-04j
   0.24968067+1.14432328e-03j -0.248787  -5.86993510e-04j
  -0.25083239-3.59991172e-04j  0.25035509+2.97809994e-04j
  -0.25041294-2.44742115e-04j  0.25134474+1.39430920e-04j
   0.24942848-3.73546385e-04j -0.25006016+6.20016883e-04j]
 [ 0.24946827+7.58837687e-04j  0.24981229+2.62960370e-04j
   0.25052739+3.72708127e-04j  0.24860559-3.36760294e-04j
   0.24955941-1.53876089e-03j  0.24912003-1.10640524e-03j
   0.25161117-2.09856869e-04j  0.2495176 +1.18811172e-03j
  -0.25037723-3.14539783e-06j -0.25018695+3.60425125e-04j
  -0.25036706-6.97709182e-04j -0.25006313+4.47481264e-04j
  -0.25045318-4.85332177e-04j -0.24928939-1.48217384e-04j
  -0.25081488-8.75771900e-04j -0.25019472+7.72278398e-05j]
 [ 0.25007431+1.19008755e-03j -0.25027022-1.78456861e-03j
   0.24930317-6.85838598e-04j -0.25070735+4.42842638e-04j
   0.24930738+4.44536168e-05j -0.25013943-4.17121080e-05j
   0.24999165-1.19925914e-03j -0.25019326+1.40045971e-03j
  -0.24852339-6.93025508e-04j  0.25106489-6.15259963e-04j
  -0.24896654-7.83008052e-04j  0.2492723 -3.41499750e-05j
  -0.2493768 +6.04655222e-04j  0.25024152-1.54437975e-03j
  -0.25123409+4.18599672e-04j  0.2512872 -1.84898366e-04j]
 [ 0.25142244-8.94221116e-04j  0.25066351+2.35953391e-04j
  -0.25027377+9.37016480e-04j -0.24973007+7.06069864e-05j
   0.24911773+1.47805890e-03j  0.25070728+5.42032031e-04j
  -0.24912631+2.95459326e-04j -0.24999625+1.08644967e-03j
  -0.25005642+1.52347641e-03j -0.24987034+1.22182572e-03j
   0.24941693-1.85590244e-04j  0.25042491+2.01912706e-03j
  -0.2505743 +7.83050371e-04j -0.24928311-2.62749982e-04j
   0.24939809+8.36718179e-04j  0.2498932 +1.20372330e-03j]
 [ 0.2496851 -3.40419851e-04j -0.25032257-7.85735102e-04j
  -0.24916947-1.11067183e-04j  0.25038851-8.14858943e-05j
   0.25036949+1.25560279e-03j -0.24966956-1.09042832e-03j
  -0.25096218+4.91320456e-04j  0.24957314-3.30097795e-04j
  -0.25104598+6.13060223e-04j  0.24953824-6.10556307e-05j
   0.24832631-9.10923113e-04j -0.25096893+1.34242956e-04j
  -0.25055596+2.09567366e-04j  0.24978628+7.03191578e-04j
   0.25046202-5.78172200e-04j -0.24914644-4.42101551e-04j]
 [ 0.24892614-1.32318332e-04j  0.25048378-5.99803734e-05j
   0.25019142+1.28985995e-03j  0.24964115+8.09969463e-05j
  -0.24984425-2.26293182e-04j -0.25018659-6.49850936e-04j
  -0.24838832-1.70820012e-05j -0.2506508 +1.00192232e-03j
  -0.25038817+3.58915370e-04j -0.25068771-1.02252784e-03j
  -0.25078714-1.97488142e-04j -0.24944323+6.23860089e-04j
   0.2502828 +5.42554295e-04j  0.2500627 +9.99534508e-04j
   0.24996264-5.60749699e-04j  0.25004707-6.29791409e-04j]
 [ 0.25104127-3.41357187e-04j -0.24962165+9.37692500e-04j
   0.25023351+9.24879383e-04j -0.24971096-1.52534412e-03j
  -0.24890983+9.14477112e-04j  0.25003026-8.04750736e-04j
  -0.25038219-4.53791078e-04j  0.24939251+1.95385188e-04j
  -0.24948465-1.29364022e-03j  0.24982276+3.31875784e-05j
  -0.25129602-1.14902289e-03j  0.25057067+3.96226079e-04j
   0.25062357-7.20852508e-04j -0.24936233-2.11611180e-05j
   0.24922236-1.38316687e-03j -0.25025767+7.48851383e-04j]
 [ 0.25033488-5.31734911e-04j  0.24919697-4.41663580e-04j
  -0.25117937+8.17166982e-04j -0.24953656+3.41093001e-04j
  -0.24963531-1.04509147e-03j -0.25118995-5.61273746e-05j
   0.2493376 +6.76341461e-04j  0.25158178+1.17996993e-03j
  -0.24889658-1.43472064e-03j -0.24919022-1.02755272e-03j
   0.24960252-4.55667420e-04j  0.2501726 -1.03895160e-03j
   0.24984416+2.83862993e-04j  0.2508189 +3.83087134e-04j
  -0.24947917-1.54620974e-04j -0.24996587+2.18478093e-04j]
 [ 0.25047093-1.52572909e-03j -0.24973002-6.05880571e-04j
  -0.24993446-3.55331875e-04j  0.24972077-1.09652988e-03j
  -0.25137171+1.45865807e-03j  0.24993604-5.54938136e-04j
   0.25075502+2.15478421e-03j -0.24897801-5.11750283e-04j
  -0.24976537+7.65185643e-04j  0.24950794-2.83210456e-04j
   0.25038013-2.85245992e-04j -0.25099997-3.63139790e-04j
   0.25014396+9.21211301e-04j -0.25014436+4.59073292e-04j
  -0.24882858-1.34574082e-04j  0.24929049-7.54582614e-04j]]

********* Summary *****************
Final fidelity error 9.109343760638211e-06
Final objective value 9.118003410173487e-06
Final penalized value 8.659649552988924e-09
Final error 8.659649535274964e-09
Final gradient [-3.16313287e-06  1.10682929e-05  1.75338202e-05 ...  1.66101303e-05
  1.43681494e-05  1.74971675e-05]
Number of iterations 500
Completed in 0:41:21.290840 HH:MM:SS.US
Final objective value with norm: 
9.109343760638211e-06
Final penalty of max controllers: 
8.659649535274964e-08
