Final evolution
Quantum object: dims = [[16], [16]], shape = (16, 16), type = oper, isherm = False
Qobj data =
[[-0.24204401+4.62259849e-03j -0.25310105-9.19422707e-03j
  -0.23391544+6.68765955e-03j -0.24795055-3.62625253e-03j
  -0.25009304+1.42020282e-03j -0.25152922+1.74402424e-03j
  -0.26182145-5.26285014e-03j -0.25487969-6.40851623e-03j
  -0.2649335 -6.10659250e-03j -0.25527643-5.63100473e-05j
  -0.24935749-2.84820195e-03j -0.25975287-1.12575753e-02j
  -0.23833212+4.57861738e-03j -0.24715118-1.70295923e-02j
  -0.24504457-2.06745508e-02j -0.24024423-5.13089805e-03j]
 [-0.24262168-3.04941797e-04j  0.24803812-5.66661515e-03j
  -0.25071123+6.97868314e-03j  0.23800356+3.84832847e-03j
  -0.26078564+3.10449955e-03j  0.2476212 -3.88625826e-03j
  -0.24885232+1.60097167e-02j  0.25888852+7.52689788e-03j
  -0.2571031 +5.47681723e-03j  0.2427822 +5.08317791e-03j
  -0.24604468-7.72278344e-03j  0.24388511-6.76022645e-03j
  -0.25357526-1.08998785e-02j  0.25735328+7.14215398e-03j
  -0.25147699+1.43125363e-02j  0.24905227-1.61772661e-03j]
 [-0.25437056+8.27303177e-03j -0.24768769+8.07839736e-03j
   0.25866003-5.26871111e-03j  0.25586487-4.85332104e-03j
  -0.24598604-1.28070790e-02j -0.24902934+3.98825854e-04j
   0.24175368-9.92991383e-04j  0.23537983+9.06468934e-03j
  -0.25151269+1.69496764e-02j -0.23602442+2.11019998e-02j
   0.25328783-1.61743167e-03j  0.24823922-1.26963742e-03j
  -0.24541425+5.34835336e-04j -0.26233129+1.26687878e-02j
   0.25347214-8.10416712e-03j  0.25587369-1.72269741e-02j]
 [-0.24569855-7.50898309e-03j  0.25524007+2.54207366e-03j
   0.25166773+5.53132629e-03j -0.26073429-8.73759863e-04j
  -0.2532127 -3.09302037e-03j  0.2397325 -6.16992894e-03j
   0.24794944-6.06400317e-03j -0.25145286+6.41523118e-03j
  -0.24069188+6.80320453e-03j  0.25400659+1.14504165e-02j
   0.25345922+8.48899686e-04j -0.24370743+8.09346710e-03j
  -0.25045121-7.80631290e-03j  0.24785131+1.52582035e-03j
   0.24829253+7.41290055e-03j -0.25371384+5.05022664e-03j]
 [-0.25317144+9.88537906e-04j -0.25491633+7.73411187e-03j
  -0.24446791-1.24909342e-02j -0.25072668+9.25496776e-03j
   0.24658697+8.13493823e-03j  0.26099039+7.85615702e-03j
   0.25152703-4.95374209e-05j  0.25858337-7.21088928e-03j
  -0.25661651+7.21797762e-03j -0.24894815+9.78330943e-04j
  -0.23414056-7.13522323e-03j -0.24700202-5.45704674e-03j
   0.24983166+3.53199533e-03j  0.24323438+5.05426408e-03j
   0.25980653-3.93665890e-03j  0.23607089+1.02358387e-02j]
 [-0.25118423+1.30776031e-02j  0.25356618-2.20503532e-03j
  -0.25660447-6.49454567e-03j  0.23930601-1.54331033e-02j
   0.24599095+4.00584637e-03j -0.24656644+7.37967179e-04j
   0.24214757-4.13675262e-03j -0.2403519 +9.89944689e-03j
  -0.25929979-2.15412142e-03j  0.24216281+1.02581288e-02j
  -0.25408559+4.24788576e-03j  0.26952925+1.67277744e-03j
   0.25155082-5.43737878e-03j -0.23252912+1.07427178e-03j
   0.23855495+5.58661081e-03j -0.27135989+5.37225085e-03j]
 [-0.24621565+6.13777696e-03j -0.24281888-1.87263986e-02j
   0.26514363+1.15937536e-02j  0.24979239-6.22569921e-03j
   0.24372759+4.87151306e-03j  0.26308999+1.08446115e-02j
  -0.25511104-1.29015553e-02j -0.24902634+1.01733715e-03j
  -0.24472596+9.07685505e-03j -0.24189781+1.26585204e-03j
   0.25396526-6.66221050e-03j  0.24408916-6.47436605e-03j
   0.24939416+4.35730613e-03j  0.25038431-7.30627839e-03j
  -0.25608838-5.75099697e-03j -0.24028666-1.28931780e-02j]
 [-0.24125317-2.34109466e-03j  0.24949434+4.52407857e-03j
   0.24163516-6.43185786e-03j -0.24865623-9.41080540e-03j
   0.25070473-2.53830432e-03j -0.25635045-1.24261785e-02j
  -0.24235213-2.30955445e-03j  0.25036629-9.17769321e-03j
  -0.24528011+5.57320694e-04j  0.26757325-5.22511862e-03j
   0.24831386+5.60263084e-03j -0.25006564-2.39487378e-03j
   0.26166866+2.93296178e-03j -0.24108037+5.92931973e-04j
  -0.25131812+9.26055154e-04j  0.25115853-9.10503999e-03j]
 [-0.254283  +5.58991894e-03j -0.24212   +1.47581298e-02j
  -0.26651872+3.51809582e-03j -0.24559671-5.56426034e-05j
  -0.24298852-7.95732474e-04j -0.24833432+7.26034541e-03j
  -0.25332491+1.68615982e-02j -0.24799285+2.84134529e-03j
   0.25991722-7.94637208e-03j  0.23229819+1.71621632e-03j
   0.25487788+1.27339903e-02j  0.25198012-3.30471598e-03j
   0.24689514+5.90181424e-03j  0.25491089-1.16847606e-02j
   0.24977528+9.41210498e-04j  0.24425083+1.76876599e-03j]
 [-0.2530741 +1.83391105e-03j  0.2642491 -9.88059140e-03j
  -0.23240062-7.30821552e-04j  0.25642099+9.59086354e-03j
  -0.24567834-3.66612151e-03j  0.24416304-1.79438166e-03j
  -0.2577816 -6.08692898e-03j  0.24744952+7.95581707e-03j
   0.25130315+2.80605246e-03j -0.25262161+2.60553826e-03j
   0.23954744+1.20987587e-02j -0.25653278-1.41594873e-02j
   0.23956473+7.24534750e-03j -0.25489294+1.78203037e-03j
   0.24851357+8.25508406e-03j -0.25224568-8.20822340e-04j]
 [-0.25051737-9.93277709e-03j -0.25712211-3.72071390e-03j
   0.24154876+9.15759220e-03j  0.24583562+1.27763047e-02j
  -0.25008624-1.08542244e-02j -0.25811633+5.24843586e-03j
   0.24952334-4.68652178e-03j  0.25577825+1.07301921e-02j
   0.25051713-3.80533639e-03j  0.24602424-7.64180473e-03j
  -0.24741334+3.69245407e-03j -0.24228419+6.61143867e-04j
   0.24125673-1.24938550e-02j  0.26069747-1.19052948e-04j
  -0.24189184-2.20990255e-03j -0.25830975+1.18768357e-03j]
 [-0.25411401+3.77398427e-03j  0.24337392-1.75531229e-02j
   0.24718114+7.65895611e-03j -0.25287542-1.86640481e-02j
  -0.25217691+1.64610262e-03j  0.24730392+6.36820308e-03j
   0.25270573-1.66153265e-03j -0.24201741-6.49841208e-03j
   0.25142397+6.18759723e-03j -0.23794208+5.21126756e-03j
  -0.25942156-6.80563243e-03j  0.24354956+3.21538739e-03j
   0.25405951-1.12007215e-03j -0.2514419 -4.10909036e-03j
  -0.2537919 -3.81667669e-03j  0.25365496+5.14254399e-03j]
 [-0.25072538-8.35400277e-03j -0.25061835+4.95680041e-03j
  -0.25363342+1.46334843e-02j -0.25296389+2.35749448e-03j
   0.23758228-2.68975443e-03j  0.24434517-7.80984178e-03j
   0.23176677-4.47766939e-03j  0.25359235-8.28594731e-03j
   0.24309641-3.87798672e-03j  0.23517389-8.02968660e-03j
   0.25174287-8.85772110e-03j  0.25034471+1.01162839e-02j
  -0.25953564-8.17816336e-04j -0.25987054+2.92392565e-03j
  -0.25667972+6.89043489e-03j -0.26423144-1.17958649e-04j]
 [-0.25376487+7.88939216e-03j  0.25084134+2.76687506e-03j
  -0.25648914-1.28811995e-02j  0.24692592-4.41890455e-03j
   0.25325946+5.98846134e-03j -0.24548843-4.72540404e-03j
   0.26548422+4.68293892e-03j -0.24539609+1.25868954e-02j
   0.23157362+3.32052126e-03j -0.25790348+2.85109788e-03j
   0.24340984+1.43893591e-03j -0.24883801-1.67580056e-02j
  -0.2481619 -3.37071957e-03j  0.24566169+1.03265279e-02j
  -0.25976087+2.29060862e-03j  0.24287817+1.37451033e-02j]
 [-0.26150879-7.56435030e-03j -0.23618021-3.03531857e-03j
   0.23178784+2.28530016e-03j  0.25036187+2.41092603e-03j
   0.26190804-1.56796349e-03j  0.24254148+2.34843392e-02j
  -0.23882517+3.90224073e-05j -0.25651875-5.26823321e-03j
   0.24785804-4.28886986e-04j  0.27777589-2.88317138e-03j
  -0.25947163-1.06751685e-02j -0.24884133-3.94569298e-03j
  -0.24847977-2.90976944e-04j -0.23928423+5.19906401e-03j
   0.24390068-7.28919151e-03j  0.24883355-6.40283445e-03j]
 [-0.24296593+6.79495000e-03j  0.24662951+4.45265971e-04j
   0.26168967+3.14842657e-03j -0.25452438+7.27134676e-03j
   0.25699468-1.63695970e-03j -0.25070818+1.47720515e-02j
  -0.25429319+1.83010076e-02j  0.24907758+3.56429752e-03j
   0.24029363-1.02575764e-02j -0.26400658+2.04437008e-02j
  -0.24821709+1.22331163e-02j  0.24796423+1.12134700e-03j
  -0.25934479-3.14510348e-03j  0.24739866-5.30341612e-03j
   0.23775444-1.39194377e-02j -0.23271605+1.33327755e-04j]]

********* Summary *****************
Final fidelity error 0.000995828765215978
Final gradient normal 0.0020559099647838625
Terminated due to Goal achieved
Number of iterations 352
Completed in 0:01:23.944075 HH:MM:SS.US
Final objective value with norm: 
16.75108243410705
