Final evolution
[[ 0.25101707-5.98907143e-04j  0.2508556 +5.66054615e-04j
   0.2501652 +6.05564194e-04j  0.24885345-2.49342690e-03j
   0.24948727+6.10668275e-05j  0.24932328+1.90971866e-03j
   0.2518034 -8.96034165e-04j  0.25057955-3.55862192e-06j
   0.24994847-4.12568167e-04j  0.24948685-3.28980564e-03j
   0.24929447+3.06817933e-04j  0.24849494-7.87955768e-04j
   0.24984208-2.05168391e-03j  0.24906559-7.13513004e-04j
   0.2500821 +7.85251679e-04j  0.25160073+2.70215453e-03j]
 [ 0.24831295+1.17875662e-03j -0.25041868-2.55586104e-04j
   0.24969405-7.71163627e-04j -0.2504604 +1.36502847e-03j
   0.25064493-4.43040078e-04j -0.25008   -5.74386332e-04j
   0.24946789-1.08968144e-03j -0.25203229+1.12657354e-04j
   0.24940664+9.59726427e-04j -0.25110602+1.47591927e-03j
   0.2499218 -2.05937837e-03j -0.24921331-7.92864736e-04j
   0.24944333-2.11056457e-05j -0.24845998+1.82465302e-04j
   0.25142037+1.12662524e-03j -0.24985695-4.52742475e-04j]
 [ 0.25207493-7.50514007e-04j  0.25097509-1.41955065e-04j
  -0.24998145-2.42563773e-04j -0.24878274-1.80410179e-03j
   0.2492891 +3.84248434e-04j  0.24984788-1.50307001e-03j
  -0.24943075-8.71220859e-04j -0.24937727+1.06811661e-03j
   0.249864  +7.80851387e-04j  0.24949418-2.74893442e-04j
  -0.25063161-6.83654175e-04j -0.25014525-2.13946760e-03j
   0.24988613+6.07599752e-04j  0.24944915-5.22201739e-04j
  -0.249558  +9.22895799e-04j -0.25116026+3.77605683e-04j]
 [ 0.24937472-3.64831157e-04j -0.24992785-1.36500021e-04j
  -0.25095628-8.88107228e-04j  0.24916524-8.79618951e-05j
   0.25116784+1.28330327e-03j -0.2494094 -3.82126991e-04j
  -0.24819155-2.06354638e-04j  0.24868134-1.07198213e-03j
   0.25047526-4.20547489e-04j -0.25306189-8.28845835e-04j
  -0.24901502-9.56692626e-04j  0.2506779 +7.97983956e-04j
   0.249699  +5.83596332e-04j -0.24892669-2.16000348e-04j
  -0.2503516 +1.47279111e-03j  0.25085314-1.36868597e-03j]
 [ 0.25033431+1.55122812e-04j  0.25010274-5.09045703e-04j
   0.25012025+1.08806104e-03j  0.25097157-1.09870989e-03j
  -0.25038898-7.25167083e-04j -0.25130494-1.54040348e-03j
  -0.24934724+1.28056667e-04j -0.24941907-1.78946824e-04j
   0.25116975-2.23146618e-03j  0.24907701+9.10282447e-04j
   0.24970444+2.36837335e-05j  0.2503178 -5.20288166e-04j
  -0.24838201-7.74458867e-04j -0.25075561-2.10630620e-03j
  -0.24916963-4.88597262e-04j -0.24937993-6.50394243e-05j]
 [ 0.2509106 -1.07117957e-04j -0.2503081 +2.38109633e-03j
   0.24838368+1.41244326e-03j -0.25052509+4.32932540e-04j
  -0.25177645+5.36390275e-04j  0.24990074+4.11034770e-04j
  -0.24914887+1.02864045e-03j  0.24960057+8.05594817e-04j
   0.25058333-3.38883170e-04j -0.24991056+1.87065784e-03j
   0.25098748-3.27736100e-04j -0.24979444-2.79702203e-04j
  -0.24958424+5.05678657e-04j  0.24996676+1.58775600e-03j
  -0.24995463+1.83299117e-03j  0.24860177+1.17134591e-04j]
 [ 0.24828322+1.05111040e-03j  0.24974664-8.59409091e-04j
  -0.24977156+5.89028408e-04j -0.25077069-4.17220628e-04j
  -0.24920699+7.51669146e-04j -0.25230738+4.66377074e-04j
   0.24897481-5.03450522e-04j  0.2493069 -9.90470084e-04j
   0.24978717+1.29070798e-03j  0.2477025 +7.45477572e-04j
  -0.25091356+7.97224284e-04j -0.25102543-4.53894997e-04j
  -0.24985768-2.78996951e-05j -0.2515325 +1.15016903e-03j
   0.2504173 +1.68498653e-04j  0.25033042-1.68170245e-03j]
 [ 0.24948766-2.82425773e-05j -0.24970837-2.34080797e-04j
  -0.24946196-1.59814689e-03j  0.25048817+3.98035464e-04j
  -0.25141938+9.94074946e-04j  0.24953691-4.75774651e-04j
   0.24927271+2.13233602e-03j -0.25017373+6.29543936e-05j
   0.24890679-1.25727953e-04j -0.24803456-2.91573128e-03j
  -0.25096138-1.28454905e-04j  0.25023465-1.75468913e-04j
  -0.24987542-9.41850764e-04j  0.2500316 -8.33851342e-04j
   0.25334054+1.01999269e-03j -0.24898189+7.10340446e-04j]
 [ 0.25035517+1.32108406e-03j  0.24824444-9.47412395e-04j
   0.24987834+7.69066277e-04j  0.24955313+5.17339548e-04j
   0.24879795-1.41835283e-03j  0.24886155-7.41711238e-06j
   0.25190324-1.19343375e-04j  0.25024618-9.25925169e-04j
  -0.24937637-6.86093339e-04j -0.2516044 +4.06915520e-04j
  -0.24898694+1.36281701e-04j -0.24944694+1.08001231e-03j
  -0.25098235+2.43032880e-04j -0.25012966+9.25433756e-04j
  -0.25051139+6.01136745e-04j -0.25106888+7.20590986e-04j]
 [ 0.25102412+2.11019105e-03j -0.249864  -1.67770712e-04j
   0.24924616+9.92210910e-04j -0.25036777+1.27686123e-03j
   0.24913676-1.32132928e-03j -0.24866026-6.87036214e-04j
   0.24900944-1.03387215e-03j -0.25151058+4.67005985e-04j
  -0.25031767-2.22276889e-03j  0.25057476+8.00080919e-04j
  -0.24932739-6.02718949e-05j  0.24970795-6.41058056e-04j
  -0.25074017-2.96710347e-04j  0.24900818-6.28948398e-04j
  -0.25034466+4.11854486e-04j  0.2511023 -4.98073152e-04j]
 [ 0.24991777-1.72214733e-04j  0.25204898+5.70779978e-04j
  -0.25028588+7.35222514e-04j -0.2496573 +2.54060539e-03j
   0.2482649 +1.57741863e-03j  0.25056878+1.32354563e-03j
  -0.25034623+3.36018216e-04j -0.24909104+3.82854946e-04j
  -0.25104893+1.75484044e-03j -0.25045492+5.77971968e-04j
   0.25112648-4.21572280e-04j  0.24979392+1.80813570e-03j
  -0.24993883-4.39109210e-04j -0.24933614+7.67065044e-04j
   0.24972116+1.48303737e-03j  0.24832225+1.38673209e-03j]
 [ 0.25018637-1.77787219e-04j -0.24953916-4.20421584e-04j
  -0.24887399+2.38233525e-04j  0.25080164-1.40203739e-03j
   0.25089764+1.10419003e-03j -0.25129645-2.08057411e-03j
  -0.25071058+4.45681555e-04j  0.25076637-1.26529750e-03j
  -0.24888597+1.06225059e-03j  0.25010961-6.65372444e-04j
   0.24923354-9.56326980e-04j -0.24950823-1.02314740e-03j
  -0.25009395-1.72434200e-03j  0.24962675-1.52970546e-04j
   0.25042328-8.25040877e-04j -0.24899446+2.37093485e-04j]
 [ 0.24898911+1.58883665e-03j  0.24969012-3.08442202e-05j
   0.25040271+1.57894644e-03j  0.25038809-6.64027543e-04j
  -0.24994277+1.07494918e-03j -0.24973328-4.38488301e-04j
  -0.24972966+8.14697107e-04j -0.24908096-1.34064279e-04j
  -0.25159688-2.27527770e-04j -0.25099497-8.80539238e-04j
  -0.24949225-7.45377429e-05j -0.25094586-1.52400954e-04j
   0.25072512-1.66239783e-04j  0.249334  +8.79741553e-04j
   0.24778547-1.25977267e-03j  0.25111881+1.09476403e-05j]
 [ 0.25077779+3.37994694e-05j -0.24993901+3.92604613e-04j
   0.25032017+2.64910470e-03j -0.24939471-1.73404300e-03j
  -0.24888963+5.35230730e-04j  0.24818555-1.16735474e-03j
  -0.25046076+7.13644309e-05j  0.25142426+1.04698257e-04j
  -0.24958452+2.10830358e-04j  0.24956454+3.25700160e-04j
  -0.25025737-1.07516079e-03j  0.24967562+5.33623889e-04j
   0.25120207-1.25100179e-04j -0.25171587-1.39343001e-03j
   0.24976292-1.81002187e-03j -0.24877922-1.26481831e-04j]
 [ 0.24897669-1.34152076e-03j  0.24832963+2.35918614e-04j
  -0.25064624+7.39580969e-04j -0.24970753+5.14649613e-04j
  -0.25094507-1.35734969e-03j -0.25166032-1.01849407e-03j
   0.25186945+3.88380361e-05j  0.24944116+5.45428873e-04j
  -0.2498748 -1.73076763e-04j -0.24843644-6.09206546e-04j
   0.24949887-1.67693645e-03j  0.25013495+4.48052969e-04j
   0.24993731-1.07711913e-04j  0.25078932+1.28546646e-03j
  -0.24849733-8.79373850e-04j -0.25119269-7.42258597e-04j]
 [ 0.24990761-2.03673385e-03j -0.25025877+1.77473001e-04j
  -0.25174736+1.60184701e-03j  0.25004277+5.35040336e-04j
  -0.24968056+1.99155368e-04j  0.24924537-7.56636837e-04j
   0.25027137+1.15910111e-03j -0.24922106-1.25041699e-03j
  -0.24911686-1.04712700e-05j  0.25027093+3.84998923e-05j
   0.25060469-9.04943363e-04j -0.25084187+4.49336035e-05j
   0.24977078-1.70910087e-03j -0.25180623-6.56888838e-04j
  -0.24857284-7.11662046e-04j  0.2485828 -2.49761428e-04j]]

********* Summary *****************
Final fidelity error 1.5942942557023443e-05
Final objective value 1.597304833217624e-05
Final penalized value 3.010577520612401e-08
Final error 3.0105775152796925e-08
Final gradient [ 2.98055818e-05  5.34141320e-05  5.30462049e-05 ...  6.18136869e-06
 -5.72387320e-06 -2.53635258e-05]
Number of iterations 500
Completed in 0:40:13.181293 HH:MM:SS.US
Final objective value with norm: 
1.5942942557023443e-05
Final penalty of max controllers: 
1.204231006111877e-07
