Final evolution
[[-0.24891686-1.62375964e-03j -0.24980822+3.74598579e-03j
  -0.2551945 +1.14169220e-03j -0.25133906-4.16078217e-03j
  -0.24834253+3.04755719e-03j -0.24916612-1.64516552e-03j
  -0.24653707-3.64071239e-04j -0.25412318+1.44876008e-03j
  -0.24289788+4.65580675e-03j -0.24427593+4.19326455e-04j
  -0.24968999+2.88739724e-03j -0.24988133+1.59232215e-03j
  -0.25129773+2.12025941e-03j -0.25201908+2.00157744e-03j
  -0.25208194-4.62331816e-03j -0.2538604 +1.12044142e-03j]
 [-0.25021744+6.53760268e-03j  0.25021191-5.63562524e-03j
  -0.25131606+5.21114470e-03j  0.25069886-1.65252928e-03j
  -0.25096365+4.95949066e-03j  0.25063254-4.23265979e-03j
  -0.25026328+1.26572117e-03j  0.24741714-2.86999221e-03j
  -0.25443553+8.63018613e-04j  0.25351223-4.12626472e-03j
  -0.25019294-7.13267670e-04j  0.24681537+1.06095783e-03j
  -0.24809677-1.14351112e-03j  0.25037564+2.00133891e-03j
  -0.24899036+1.72547136e-03j  0.24533272-4.48392872e-04j]
 [-0.2470124 -2.65630481e-04j -0.25316201-2.08679589e-03j
   0.2513194 +1.60650680e-04j  0.24672607+1.17806707e-03j
  -0.25576438-1.06672582e-03j -0.25231639-2.19848408e-03j
   0.24483393+2.28725470e-03j  0.25168374+1.53890083e-03j
  -0.25208701-2.34023985e-03j -0.25451143+7.26183084e-03j
   0.2434986 +3.32778226e-03j  0.24756743+1.50799319e-03j
  -0.25185909+1.81648827e-03j -0.24616494-7.75920750e-04j
   0.24804114+7.63943465e-04j  0.25284141+2.71976838e-03j]
 [-0.25170141-7.73541087e-04j  0.25197232-3.07206627e-05j
   0.24697782+8.54506397e-03j -0.2456114 -4.82740806e-03j
  -0.24812802-1.44800633e-03j  0.24471133+2.25395649e-03j
   0.25337961+1.83474096e-03j -0.25176351-2.35174580e-03j
  -0.24597015-4.46248637e-03j  0.24934591+2.78019454e-03j
   0.25558368+1.65732756e-03j -0.25236034-2.35697373e-03j
  -0.25184806+2.18550841e-03j  0.24728053-1.48886828e-04j
   0.25151657+6.40611212e-04j -0.25124089+9.06348519e-04j]
 [-0.25450148-6.47178845e-04j -0.24666465-2.05169641e-03j
  -0.24938446+1.68661048e-03j -0.24820919+5.74296470e-04j
   0.25274979-4.39774518e-04j  0.25457634+3.59166864e-03j
   0.25131365+8.35588657e-04j  0.24987809+1.83613028e-03j
  -0.25252314+9.42015634e-04j -0.2499724 +2.91573225e-03j
  -0.25174903+7.87410055e-05j -0.2544128 -3.99638916e-03j
   0.24922276+1.78511344e-03j  0.24382927-1.38046405e-03j
   0.24744327-1.10005369e-03j  0.24307981+1.03817219e-03j]
 [-0.24727568+1.90087670e-03j  0.24881208+3.74322875e-03j
  -0.24375702-2.87949848e-03j  0.25375207+4.02942673e-03j
   0.25036535+2.67698583e-03j -0.25261916-2.71693570e-04j
   0.25164566+3.35239314e-03j -0.24533729+2.52496481e-03j
  -0.24909493+1.22207685e-03j  0.24433438-2.67131199e-03j
  -0.24834739+5.03210273e-03j  0.25675272-1.70641486e-03j
   0.24886769-1.94908120e-03j -0.25231848-5.36510877e-03j
   0.25118332-4.29017765e-04j -0.25484975-8.54812231e-04j]
 [-0.24821831-7.36157394e-04j -0.25175119+2.49667692e-03j
   0.25210808-2.90848659e-03j  0.25371972-7.63727473e-04j
   0.24904272+7.91848588e-05j  0.25007825-1.93454002e-03j
  -0.24952338-3.52599660e-03j -0.25075754+1.55860122e-03j
  -0.25120372-2.84298606e-04j -0.25203482-3.50176243e-04j
   0.25058022+4.01981726e-03j  0.24395988-1.63943191e-03j
   0.24401325-1.92006163e-03j  0.24912675+4.67299284e-03j
  -0.25130145+1.22280423e-04j -0.2521974 -9.27440799e-04j]
 [-0.25374654-4.77117854e-03j  0.24808076-3.55926730e-03j
   0.25159674-2.62947105e-03j -0.25174479+4.03061140e-03j
   0.2447491 -1.66495798e-03j -0.24956924-3.00873646e-03j
  -0.24944627+6.71121129e-03j  0.24641737-3.59640609e-03j
  -0.24970312-4.54252714e-04j  0.25102306-2.98804871e-03j
   0.24823221+3.34501788e-03j -0.24578202-6.90580710e-03j
   0.2540493 -3.32387049e-03j -0.254594  +2.94522273e-03j
  -0.25197165-8.91836330e-04j  0.24858002-3.21101392e-03j]
 [-0.25392234+2.17218967e-03j -0.25484026-3.61158205e-03j
  -0.25033179+2.10289722e-03j -0.24902992-8.71520473e-04j
  -0.24372599-3.08366990e-03j -0.24749779-2.95218719e-03j
  -0.24551896-6.36790279e-03j -0.25117146+2.89881323e-03j
   0.24697683-1.73412356e-03j  0.2491632 -3.72479266e-03j
   0.24515809+3.06381184e-03j  0.25299772+5.91329025e-04j
   0.25287257-1.65387596e-03j  0.25504652+2.97124391e-03j
   0.2513152 +3.15159254e-03j  0.24977894-1.80566403e-03j]
 [-0.24722328+2.87992681e-03j  0.24529088-4.42722654e-03j
  -0.2504927 +2.40765638e-03j  0.25481064-1.36805369e-03j
  -0.25208862+1.39759982e-03j  0.24685765+2.56553911e-04j
  -0.25434739+5.47232289e-04j  0.24645527-2.82745977e-03j
   0.25084665-5.64171966e-04j -0.24739767+1.67570538e-03j
   0.25286091-2.64360198e-03j -0.24986868+8.11081678e-04j
   0.24987867+1.05440852e-02j -0.25312199-5.43322431e-03j
   0.25191472+2.08559169e-03j -0.24584042-2.20093974e-03j]
 [-0.2450451 -1.58733239e-03j -0.25006629+3.95983111e-04j
   0.24965419+3.98692447e-03j  0.2490409 +3.11853061e-03j
  -0.25245454-3.06966520e-03j -0.24750819-5.00064363e-03j
   0.25104629+5.36666624e-05j  0.25175766+2.46116588e-03j
   0.25002861-1.83222927e-03j  0.24997062-1.65789646e-03j
  -0.25030328-6.91056359e-04j -0.24932978-9.67770833e-03j
   0.25177576+3.96646294e-03j  0.24850684+3.19981327e-03j
  -0.25000494-4.89051724e-04j -0.25297484+3.74856203e-03j]
 [-0.24966111+1.11484133e-03j  0.25379422+3.35673251e-03j
   0.24979148+2.02869242e-04j -0.24294131+9.35095575e-04j
  -0.25425718+4.67269710e-03j  0.2514728 -2.93825158e-03j
   0.24835873-4.38048869e-03j -0.25470671+1.50081684e-03j
   0.24955443+2.71982928e-03j -0.255304  -3.29317386e-03j
  -0.25106612-3.63371864e-03j  0.249514  -8.64245305e-03j
   0.24903037-1.00743019e-02j -0.2435237 +3.30808985e-03j
  -0.24707867+7.47034579e-03j  0.24882924-5.12130765e-03j]
 [-0.2511671 +2.94418094e-03j -0.24639742+2.23103959e-03j
  -0.24591461-4.32065387e-04j -0.24389545-2.54204001e-04j
   0.24681717+5.95341079e-03j  0.25297043-3.57198949e-03j
   0.2546617 -4.02599180e-03j  0.25037134-2.21302765e-03j
   0.25391037-5.30481014e-03j  0.24625673-5.58688993e-03j
   0.25376082-2.24790801e-03j  0.25548168-6.22882289e-04j
  -0.24878386-3.65773112e-03j -0.25309136-2.71216596e-03j
  -0.2513516 +5.67778261e-03j -0.24430811+1.13429843e-03j]
 [-0.24981643-5.22756815e-03j  0.24994135+4.23650782e-03j
  -0.24996589+1.14482226e-03j  0.25561142+9.74731846e-04j
   0.25199539+8.78584872e-03j -0.25705214-9.40645378e-03j
   0.24779111+3.75142253e-03j -0.24316707-4.20313313e-03j
   0.24993818-1.03786948e-03j -0.24828539-1.44829294e-03j
   0.24697321-1.23823880e-03j -0.24970549-1.08839348e-03j
  -0.24662263+5.73792506e-04j  0.24916862+2.70499620e-05j
  -0.24944556-1.30559021e-02j  0.25331183+3.18581265e-03j]
 [-0.24988756+6.88583790e-04j -0.24826836+3.42371632e-03j
   0.25323626+3.16543929e-04j  0.2503169 -4.31760505e-03j
   0.25106655-2.21933537e-03j  0.24543417+3.39528182e-03j
  -0.24738198+4.77810989e-03j -0.24888039+4.35476485e-03j
   0.2508116 +1.04120682e-03j  0.25274984-2.21422793e-03j
  -0.25387338-1.06260483e-03j -0.2470114 +1.68485513e-03j
  -0.25211421+1.99929335e-03j -0.24974641+1.83240469e-04j
   0.24992148-6.67116194e-04j  0.24892893+3.92122731e-04j]
 [-0.25121092-1.67659257e-03j  0.25038492-1.09428387e-03j
   0.24841228-1.20721214e-03j -0.25186898-4.12917499e-03j
   0.24671981-2.56904304e-03j -0.24672304+4.31724269e-03j
  -0.25327975-7.72402604e-04j  0.25541331-7.65105737e-03j
   0.24952636+5.02176086e-03j -0.25119124-1.26581063e-04j
  -0.24756844-2.79698212e-03j  0.24758078+6.25864136e-03j
  -0.24890297-6.99844243e-04j  0.25144393-8.90241363e-04j
   0.24558165-8.16226415e-03j -0.25345361+2.15696777e-03j]]

********* Summary *****************
Final fidelity error 0.00016828719181760654
Final objective value 0.00017103581377528047
Final penalized value 2.7486219577044224e-06
Final error 2.748621957673926e-06
Final gradient [4.93458259e-05 5.51569666e-06 1.95572525e-05 ... 3.74192799e-05
 4.31713354e-05 1.31867362e-04]
Number of iterations 500
Completed in 0:46:46.139050 HH:MM:SS.US
Final objective value with norm: 
0.00016828719181760654
Final penalty of max controllers: 
0.0002748621957673926
