Final evolution
[[ 0.24866244+1.67560632e-03j  0.250777  -8.84064505e-04j
   0.25137419-1.58627348e-04j  0.24917043-1.41256593e-03j
   0.24924151-1.48772930e-05j  0.25113898+5.89417463e-04j
   0.25327482-2.85784994e-03j  0.2499416 +6.77787658e-05j
   0.25224101+9.59032501e-04j  0.24856604-4.42825525e-03j
   0.24880321+4.83717958e-03j  0.24662193-2.58749913e-03j
   0.24976155-3.06317276e-03j  0.24930214-3.55922358e-03j
   0.25053949+6.89063466e-04j  0.25032026+2.44822497e-03j]
 [ 0.2530754 +5.99358091e-04j -0.25010673-1.41870772e-04j
   0.25127056-1.80536654e-03j -0.24927085+2.44338326e-03j
   0.2468713 +7.73813279e-04j -0.25139191+9.78955428e-04j
   0.25113703-2.04688435e-04j -0.25090398+5.81429379e-04j
   0.24851072-1.66340335e-03j -0.25135198+1.97604448e-03j
   0.24795511+6.66520626e-04j -0.24828766+2.31550115e-03j
   0.24602373+5.92306188e-04j -0.24963081+1.42632292e-03j
   0.25106735+3.79286209e-03j -0.25293826-4.40290014e-04j]
 [ 0.2522396 +5.05295015e-04j  0.2494423 -3.31582039e-04j
  -0.2482934 -1.76153122e-03j -0.24843364-1.28284988e-03j
   0.24805953-7.27182662e-04j  0.24969451-7.59674020e-04j
  -0.24925311-5.89942381e-04j -0.25075839+1.74593851e-03j
   0.25127881-2.64943046e-03j  0.24804332+1.25794144e-03j
  -0.25192681-9.47389760e-04j -0.25222647-1.45159648e-03j
   0.25126395+7.01464207e-04j  0.25007569-1.25407834e-03j
  -0.24922471-8.12031015e-04j -0.24966991-1.35673478e-03j]
 [ 0.24752413-1.61674784e-04j -0.25095493-2.30663750e-03j
  -0.24963619+1.34617825e-04j  0.25099047-9.46429508e-04j
   0.24955283+4.00361327e-03j -0.24849817+1.90118548e-04j
  -0.24868692+1.10376495e-03j  0.24958811+1.35288520e-03j
   0.2526803 -6.56923600e-04j -0.25039574+3.17611950e-04j
  -0.24694348-3.79328340e-06j  0.24926448+1.23100802e-03j
   0.25285038-1.66558385e-03j -0.25045676+2.58246688e-03j
  -0.25044922-1.53887993e-03j  0.25136897+2.78386231e-04j]
 [ 0.25106765-8.21362414e-04j  0.2541889 +8.16125821e-04j
   0.24862006+2.01056616e-03j  0.24979477+2.56745862e-03j
  -0.25360194-4.75926880e-04j -0.25003797-5.52343200e-04j
  -0.25087256+1.51074770e-04j -0.24639204-8.43063371e-04j
   0.25155598-8.17004229e-04j  0.24894242+4.26736353e-03j
   0.24920541-9.17068162e-04j  0.25020124-1.42251623e-03j
  -0.2493816 -8.35415378e-04j -0.24904576-1.53647659e-03j
  -0.24872526+1.99724395e-03j -0.24816659+1.13875294e-04j]
 [ 0.2494898 -2.14027094e-03j -0.25252974+1.15533422e-03j
   0.25078945-2.79375946e-07j -0.24879025+3.73245003e-03j
  -0.24961697+3.25538320e-03j  0.25289004+2.30539196e-03j
  -0.24947136-2.81860511e-04j  0.25086461+1.96382669e-03j
   0.24812337+6.63297958e-04j -0.2497582 +2.86438075e-04j
   0.2490446 +9.06650526e-04j -0.25138397+9.09511629e-04j
  -0.25105046+8.88490676e-04j  0.24809179+2.71811409e-03j
  -0.24921269+1.90135651e-03j  0.2487017 +3.18125064e-03j]
 [ 0.25039109+5.09385473e-05j  0.24691546+1.35785042e-03j
  -0.2488403 -1.97184205e-05j -0.24944566-1.23627426e-03j
  -0.24848173+2.54955475e-03j -0.24875591-8.16507221e-04j
   0.24704454+3.91755873e-03j  0.25435594-7.43426231e-04j
   0.24652048-1.35801669e-04j  0.24895444+3.79190268e-03j
  -0.25456274-3.09088376e-04j -0.25225814+1.08900520e-03j
  -0.25123255-2.83280396e-03j -0.2506633 +2.62276786e-04j
   0.25228365-3.13943495e-03j  0.24899243-7.44439782e-04j]
 [ 0.24771286-2.67123593e-03j -0.24964064-1.58014228e-03j
  -0.25040721+6.07457082e-04j  0.25082213-8.20434412e-04j
  -0.25381784+2.30931003e-04j  0.24819454-2.57120540e-03j
   0.2494379 +9.91400387e-04j -0.24840572-1.73077615e-03j
   0.24873953+7.14217090e-04j -0.24923074-1.43412071e-03j
  -0.25213068+2.92265668e-04j  0.25277205-1.01378212e-04j
  -0.24898085+4.31787662e-04j  0.25198748+7.11663415e-04j
   0.2491953 +4.33979383e-04j -0.24837355+1.02291097e-03j]
 [ 0.24817737+1.15802046e-03j  0.2495605 -6.78715411e-05j
   0.24837807-1.05854988e-03j  0.25349661+4.91942962e-04j
   0.249605  -5.11938518e-04j  0.24858267+3.27519032e-05j
   0.2486737 +2.27509702e-05j  0.24978846+2.29364647e-03j
  -0.2517052 -1.11458128e-03j -0.25250725+3.50468034e-03j
  -0.2513464 +2.12351105e-04j -0.24681782-1.33067489e-03j
  -0.24952248+1.08577461e-03j -0.24841842-1.60220029e-03j
  -0.2506192 -1.64319460e-03j -0.2526337 +1.67390652e-04j]
 [ 0.25262161+3.84255821e-03j -0.24706529-1.68521197e-03j
   0.25055904-5.06083597e-03j -0.24761527+4.28088244e-04j
   0.25078528-1.62543692e-03j -0.25021202-2.84105755e-03j
   0.24605069-2.27520266e-03j -0.25077142+3.17754597e-03j
  -0.24960468-1.56580123e-03j  0.24935772+1.20665154e-03j
  -0.25049961-1.84466756e-03j  0.25125742-4.59466245e-04j
  -0.25136934-5.79708872e-04j  0.2491143 -2.84390081e-03j
  -0.25020093+2.22315276e-03j  0.25263124-1.19156072e-03j]
 [ 0.25221058-9.92970375e-04j  0.25168254-2.12757689e-03j
  -0.25190666+2.17295720e-03j -0.24825824-1.15149613e-03j
   0.24821333+2.04123460e-03j  0.25251823+2.09300988e-03j
  -0.24921539+3.03987066e-03j -0.24964046+2.75737389e-03j
  -0.24807829+2.44514426e-03j -0.25175953+3.16076465e-03j
   0.24962903+1.82096286e-03j  0.2497645 +2.14641563e-03j
  -0.24721129+2.45283177e-03j -0.25003235+5.10267030e-04j
   0.24990657+2.73234026e-04j  0.24975905+5.38222585e-04j]
 [ 0.2514729 +2.09410145e-03j -0.24986399-1.87185334e-03j
  -0.25021887+2.70515023e-03j  0.25261318-8.62687161e-05j
   0.25144027+5.75098631e-03j -0.24834845-2.97455957e-03j
  -0.25180772+6.09592925e-05j  0.24853422-8.89349499e-04j
  -0.24987812+2.12833377e-03j  0.24974618+1.20732585e-03j
   0.25079313-7.08645649e-04j -0.24655384-1.33893813e-03j
  -0.24781401-2.45603319e-03j  0.2510327 +1.12442474e-03j
   0.24993548-1.53132425e-03j -0.24971962+1.61613867e-04j]
 [ 0.24644143-2.97561742e-03j  0.2489286 -1.91697856e-03j
   0.24875438+2.26125182e-03j  0.25243373+2.40776044e-04j
  -0.25153564-1.60017583e-03j -0.24970192+3.37817721e-04j
  -0.24943947+1.58602217e-03j -0.24796138-6.23178553e-04j
  -0.25053428+4.93242664e-04j -0.25219884+1.17479722e-03j
  -0.24740501+1.90775298e-03j -0.25110883+9.18010028e-04j
   0.25160242+9.70591870e-04j  0.24976956+2.40525620e-03j
   0.24871257-2.51298631e-03j  0.25325127-3.43142523e-03j]
 [ 0.24882288-7.76044577e-04j -0.2486383 +2.12559464e-03j
   0.25174294+3.32634785e-03j -0.247417  -3.77988115e-03j
  -0.24786544+3.47102980e-03j  0.24944334-1.02468008e-03j
  -0.251684  -1.07905259e-03j  0.24977843-2.47732474e-03j
  -0.25218674-1.49032730e-03j  0.24840393-5.09846561e-04j
  -0.25098276-2.49678414e-03j  0.25297989+2.17823025e-03j
   0.25270062-2.36388374e-04j -0.24792471-6.78419043e-04j
   0.24933885-1.03425356e-03j -0.24984755-2.33514892e-03j]
 [ 0.25011171-5.81591604e-04j  0.24896956+7.87713947e-04j
  -0.25104308-1.43312580e-03j -0.25158518-1.87137570e-03j
  -0.2504601 +9.66824300e-05j -0.2501453 +4.99147007e-05j
   0.2509306 +2.53692030e-03j  0.25228077-1.15304173e-03j
  -0.2490934 -2.09694026e-03j -0.2478158 -7.57022067e-04j
   0.24969345-3.13862087e-03j  0.24821787-7.26031655e-04j
   0.25071975+2.96997014e-03j  0.25175514+2.15156806e-04j
  -0.25128031-1.01115738e-03j -0.24573026+1.01195887e-03j]
 [ 0.24976293-3.80036723e-04j -0.25053058+4.33279021e-03j
  -0.24797432+9.07550441e-04j  0.24965661+6.13068382e-05j
  -0.25055006+1.87427138e-03j  0.25030972-7.03044816e-04j
   0.2527882 +2.79752971e-03j -0.24984207-1.43527909e-03j
  -0.24910257+5.02395930e-04j  0.25271023-1.18496014e-03j
   0.2488563 +2.46672895e-04j -0.25007134-7.42329335e-04j
   0.24830533-1.10693900e-03j -0.25253876+6.35005135e-04j
  -0.24915642-2.60336655e-03j  0.24768067-4.62562933e-05j]]

********* Summary *****************
Final fidelity error 5.118279747318155e-05
Final objective value 5.1249970096505e-05
Final penalized value 6.717262335254048e-08
Final error 6.717262332345229e-08
Final gradient [-4.82752276e-05  2.33542448e-05  9.08511413e-05 ... -1.42837535e-05
 -2.96490574e-05 -2.71683072e-05]
Number of iterations 500
Completed in 0:42:28.581412 HH:MM:SS.US
Final objective value with norm: 
5.118279747318155e-05
Final penalty of max controllers: 
1.3434524664690457e-07
